(903),(2261),(3907),(4222),(4358),(7201),(8405),(8963),(9544),(12131),(14705),(15617),(16676),(18138),(18611),(20132),(22901),(23173),(24219),(24688),(26867),(27053),(27469),(31122),(31404),(32344),(33736),(34576),(34651),(35128),(41267),(42204),(42929),(43194),(46470),(49554),(50297),(51558),(51703),(52009),(52260),(52636),(53346),(54465),(55765),(58953),(59414),(59477),(61168),(62812),(63147),(64843),(66763),(67346),(68026),(68063),(69793),(70201),(71975),(72008),(72983),(73611),(74142),(76630),(79159),(79531),(80092),(80920),(82418),(83090),(86529),(88820),(91193),(91867),(92011),(92269),(92956),(95301),(97853),(99754),(101044),(103223),(105580),(106441),(107326),(107640),(110758),(111549),(113668),(114406),(116189),(116317),(117144),(118205),(118754),(119048),(119531),(120575),(121535),(122995),(123606),(125794),(125978),(128258),(128309),(129583),(130459),(130767),(131347),(131894),(131904),(131961),(133811),(134567),(135425),(136268),(137202)

(103223, 118205),(105580, 118205),(107326, 118205),(111549, 118205),(118205, 121535),(118205, 123606),(118205, 125794),(118205, 125978),(118205, 130459),(118205, 130767),(12131, 74142),(121535, 125794),(121535, 130767),(14705, 118205),(15617, 118205),(15617, 121535),(15617, 125794),(15617, 82418),(18138, 118205),(18138, 23173),(18138, 34576),(18138, 59477),(18138, 74142),(18611, 118205),(18611, 74142),(20132, 118205),(20132, 121535),(20132, 82418),(31122, 118205),(31122, 74142),(32344, 118205),(32344, 68063),(34576, 118205),(34576, 121535),(34576, 125794),(34576, 59477),(34576, 71975),(34576, 74142),(34576, 79159),(34576, 82418),(34576, 83090),(34576, 88820),(35128, 118205),(41267, 118205),(46470, 118205),(46470, 51703),(46470, 59477),(46470, 74142),(50297, 118205),(51703, 74142),(54465, 74142),(59477, 118205),(59477, 120575),(59477, 125794),(59477, 71975),(59477, 74142),(59477, 82418),(62812, 118205),(63147, 130767),(67346, 118205),(68026, 118205),(68063, 118205),(71975, 118205),(71975, 125794),(71975, 74142),(71975, 82418),(71975, 83090),(74142, 118205),(74142, 120575),(74142, 121535),(74142, 125794),(74142, 82418),(74142, 83090),(74142, 88820),(79159, 118205),(79159, 121535),(79159, 125794),(79159, 82418),(79159, 83090),(82418, 111549),(82418, 118205),(82418, 121535),(82418, 125794),(82418, 125978),(82418, 83090),(82418, 88820),(82418, 92011),(82418, 92269),(83090, 107326),(83090, 118205),(83090, 125794),(83090, 91867),(83090, 92011),(8405, 103223),(8405, 105580),(8405, 107326),(8405, 111549),(8405, 118205),(8405, 118754),(8405, 120575),(8405, 121535),(8405, 123606),(8405, 125794),(8405, 125978),(8405, 130459),(8405, 130767),(8405, 131904),(8405, 14705),(8405, 15617),(8405, 18138),(8405, 18611),(8405, 20132),(8405, 31122),(8405, 32344),(8405, 34576),(8405, 35128),(8405, 41267),(8405, 46470),(8405, 51703),(8405, 53346),(8405, 59477),(8405, 67346),(8405, 71975),(8405, 74142),(8405, 79159),(8405, 82418),(8405, 83090),(8405, 88820),(8405, 8963),(8405, 91867),(8405, 92011),(8405, 92269),(8405, 9544),(88820, 118205),(88820, 121535),(88820, 125794),(8963, 118205),(8963, 121535),(8963, 125794),(8963, 82418),(903, 83090),(91193, 118205),(91867, 107326),(91867, 118205),(92011, 118205),(92269, 118205),(9544, 118205),(9544, 74142)

(20132, 82418, 118205),(32344, 68063, 118205),(34576, 59477, 74142),(71975, 82418, 118205),(79159, 118205, 121535),(79159, 82418, 118205),(82418, 118205, 121535),(82418, 118205, 125794),(82418, 118205, 125978),(82418, 83090, 118205),(82418, 92011, 118205),(83090, 107326, 118205),(83090, 91867, 107326),(83090, 91867, 118205),(8405, 107326, 118205),(8405, 111549, 118205),(8405, 118205, 121535),(8405, 118205, 125794),(8405, 118205, 125978),(8405, 118205, 130459),(8405, 121535, 125794),(8405, 15617, 118205),(8405, 20132, 118205),(8405, 20132, 82418),(8405, 34576, 118205),(8405, 34576, 125794),(8405, 34576, 74142),(8405, 71975, 118205),(8405, 74142, 118205),(8405, 79159, 118205),(8405, 79159, 82418),(8405, 82418, 118205),(8405, 82418, 121535),(8405, 82418, 125794),(8405, 82418, 83090),(8405, 82418, 92011),(8405, 83090, 107326),(8405, 83090, 118205),(8405, 83090, 91867),(8405, 88820, 118205),(8405, 92011, 118205),(8405, 92269, 118205),(8405, 9544, 118205),(91867, 107326, 118205)

(83090, 91867, 107326, 118205),(8405, 20132, 82418, 118205),(8405, 79159, 82418, 118205),(8405, 82418, 118205, 121535),(8405, 82418, 118205, 125794),(8405, 82418, 92011, 118205)



