T ,(34),(47),(50),(110),(150),(153),(165),(231),(260),(296),(316),(318),(344),(349),(356),(364),(367),(377),(380),(457),(480),(500),(527),(541),(587),(588),(589),(590),(592),(593),(595),(597),(608),(648),(733),(736),(780),(858),(1036),(1097),(1136),(1193),(1196),(1197),(1198),(1210),(1214),(1240),(1265),(1270),(1291),(1580),(1721),(2028),(2571),(2628),(2716),(2762),(2858),(2959),(3578),(4226),(4306),(4993),(5952),(7153)

(1, 260),(1, 296),(1, 356),(1, 480),(1, 780),(110, 150),(110, 296),(110, 318),(110, 356),(110, 380),(110, 457),(110, 480),(110, 527),(110, 589),(110, 590),(110, 592),(110, 593),(1196, 1198),(1196, 1210),(1196, 1270),(1196, 2571),(1198, 1210),(1198, 2571),(1210, 2571),(150, 296),(150, 318),(150, 356),(150, 380),(150, 457),(150, 480),(150, 589),(150, 590),(150, 592),(150, 593),(153, 592),(2571, 2762),(2571, 2858),(2571, 2959),(2571, 4993),(260, 1196),(260, 1198),(260, 1210),(260, 1270),(260, 2571),(260, 296),(260, 318),(260, 356),(260, 480),(260, 589),(260, 593),(260, 780),(296, 1196),(296, 2571),(296, 2858),(296, 318),(296, 344),(296, 356),(296, 377),(296, 380),(296, 457),(296, 480),(296, 527),(296, 588),(296, 589),(296, 590),(296, 592),(296, 593),(296, 608),(296, 780),(318, 2571),(318, 356),(318, 380),(318, 457),(318, 480),(318, 527),(318, 589),(318, 590),(318, 592),(318, 593),(32, 296),(32, 593),(344, 356),(356, 1196),(356, 1210),(356, 1270),(356, 2571),(356, 364),(356, 377),(356, 380),(356, 457),(356, 480),(356, 500),(356, 527),(356, 588),(356, 589),(356, 590),(356, 592),(356, 593),(356, 597),(356, 780),(364, 480),(377, 457),(377, 480),(377, 589),(377, 593),(380, 457),(380, 480),(380, 589),(380, 592),(380, 593),(457, 480),(457, 589),(457, 590),(457, 592),(457, 593),(47, 296),(47, 318),(47, 356),(47, 480),(47, 593),(480, 1196),(480, 1210),(480, 2571),(480, 527),(480, 588),(480, 589),(480, 590),(480, 592),(480, 593),(480, 780),(4993, 5952),(50, 296),(50, 318),(50, 356),(50, 593),(527, 593),(589, 2571),(589, 592),(589, 593),(589, 780),(590, 592),(590, 593),(592, 593),(593, 2571),(593, 608)

(110, 296, 318),(110, 296, 356),(110, 296, 480),(110, 296, 593),(110, 318, 356),(110, 356, 480),(110, 356, 593),(110, 480, 589),(150, 296, 356),(150, 356, 480),(260, 1196, 1198),(260, 1196, 1210),(260, 1196, 2571),(296, 318, 356),(296, 318, 480),(296, 318, 593),(296, 356, 457),(296, 356, 480),(296, 356, 589),(296, 356, 593),(296, 457, 480),(296, 457, 593),(296, 480, 589),(296, 480, 593),(296, 589, 593),(318, 356, 480),(318, 356, 593),(318, 480, 593),(356, 377, 480),(356, 380, 480),(356, 457, 480),(356, 457, 593),(356, 480, 589),(356, 480, 590),(356, 480, 592),(356, 480, 593),(356, 589, 593),(457, 480, 589),(457, 480, 593),(47, 296, 593),(480, 589, 593),(50, 296, 318),(50, 296, 593)

(296, 356, 480, 593)



